81 115 82
72 120 536
63 125 991
50 192 1142
90 245 1294
156 258 1445
216 231 1597
282 231 1748
335 271 1900
412 308 2127
480 132 2582
400 72 2809
320 52 3036
236 68 3263
160 44 3491
48 92 3718
24 168 3945
24 168 4778
24 168 4854
308 168 5309
300 176 5385
292 184 5460
284 192 5536
212 216 5763
302 218 6218
392 216 6597
392 216 6672
448 172 6900
428 144 7127
320 72 7506
320 72 7582
44 116 8036
32 128 8112
44 140 8188
56 128 8263
160 152 8491
264 332 8832
160 308 9060
44 360 9324
44 360 9400
52 120 9854
52 120 10082
144 108 10233
252 120 10460
364 112 10688
460 120 10915
460 120 10991
468 268 11142
468 268 11218
400 304 11900
320 332 12127
232 312 12354
156 332 12582
44 188 12733
28 208 12809
49 260 13036
135 261 13491
135 261 13718
192 216 13945
272 124 14172
215 78 14400
124 24 14627
72 64 14741
64 128 14854
108 176 14968
172 192 15082
240 280 15309
168 340 15536
448 164 15877
72 64 16218
300 32 16445
384 48 16597
392 40 16672
468 64 16824
476 56 16900
332 76 17127
248 92 17278
244 104 17354
164 108 17506
160 120 17582
80 124 17733
76 136 17809
212 352 18263
128 336 18415
120 344 18491
44 320 18642
36 328 18718
180 308 18945
264 292 19097
268 280 19172
348 276 19324
352 264 19400
432 260 19551
436 248 19627
216 128 20082
144 136 20309
72 112 20536
36 248 20915
52 272 20991
160 240 21142
176 204 21218
288 244 21369
304 268 21445
464 220 21672
349 21 21900
328 151 22127
452 104 22354
414 61 22582
402 71 22657
389 81 22733
376 92 22809
204 52 23150
38 110 23491
38 110 23718
72 80 24059
56 224 24513
56 224 24741
40 288 24854
124 304 25082
208 260 25309
316 280 25536
368 236 25650
368 236 25877
388 152 26332
388 152 26559
327 125 26672
311 209 26900
355 293 27127
304 372 27354
240 352 27468
240 352 27695
68 280 28150
68 280 28377
92 216 28491
151 154 28718
245 142 28945
352 148 29172
419 170 29286
397 238 29400
329 215 29513
352 148 29627
337 121 30082
332 116 30422
292 60 30991
58 174 38263
216 212 38604
105 329 38945
468 112 39854
268 160 40422
408 308 40763
68 64 41672
318 124 42241
143 309 42581
452 44 43491
131 120 44059
355 357 44400
256 308 44627
192 300 44741
128 312 44854
64 304 44968
256 308 45195
320 300 45309
384 312 45422
448 308 45536
372 0 45991
64 76 46445
140 384 46900
419 218 47354
281 27 47809
91 165 48263
228 355 48718
318 278 49172
342 128 49627
193 104 50081
169 254 50536
376 280 50991
136 280 51445
480 208 51900
32 208 52354
216 320 52809
248 328 52922
281 324 53036
310 306 53150
325 276 53263
325 242 53377
292 252 53491
259 257 53604
229 240 53718
210 212 53831
216 178 53945
235 152 54059
265 136 54172
259 68 54627
211 42 54741
157 42 54854
107 64 54968
80 111 55081
80 164 55195
133 153 55309
186 160 55422
229 192 55536
243 244 55650
228 295 55763
183 325 55877
129 320 55991
52 312 56445
111 271 56559
66 214 56672
120 166 56786
74 109 56900
120 167 57354
193 118 57468
280 107 57581
359 141 57695
414 209 57809
492 264 58263
492 264 58377
492 264 58491
404 328 58718
404 328 58831
404 328 58945
416 208 59172
416 208 59286
416 208 59400
448 68 59627
448 68 59741
448 68 59854
448 68 60081
112 360 60991
254 46 61900
256 337 62809
167 114 63718
343 269 64627
189 257 65536
322 126 65877
279 282 66218
232 101 66559
346 217 66900
165 166 67127
24 120 67354
168 80 67695
504 156 68263
360 116 68604
112 208 69172
112 208 69286
72 328 69513
196 296 69741
196 296 69854
280 208 70081
424 200 70422
360 256 70991
296 120 71331
245 38 71900
44 100 72127
88 148 72241
228 204 72468
164 212 72581
140 272 72695
112 332 72809
127 344 73263
141 357 73718
160 368 74172
214 299 74513
248 240 74627
384 308 74968
436 268 75081
56 116 75536
116 236 75877
172 276 75991
164 96 76445
300 24 76786
356 64 76900
260 176 77241
296 232 77354
336 284 77468
380 332 77581
180 272 77809
132 256 78150
132 256 78263
124 116 78604
176 72 78718
336 312 79172
196 84 79627
304 104 79930
76 192 80422
436 192 80763
68 192 81104
444 192 81445
64 192 81672
381 63 81900
318 224 82354
403 41 82809
295 245 83263
60 352 83718
160 352 83945
244 292 84172
228 184 84400
116 196 84627
93 136 84854
140 91 85081
207 72 85309
304 84 85536
368 108 85650
432 84 85763
368 108 85991
400 168 86104
468 172 86218
400 168 86445
376 232 86559
308 248 86672
308 248 86900
296 232 86975
284 216 87051
272 200 87127
260 184 87203
248 168 87278
236 152 87354
188 164 87809
160 224 87922
160 224 88150
104 152 88263
160 224 88491
224 332 88718
292 260 88945
412 288 89172
408 116 103718
316 64 103945
316 64 104172
144 160 104400
224 240 104627
152 288 104778
68 268 104930
68 268 105082
316 324 105536
460 292 105877
460 292 105991
492 156 106332
464 92 106445
76 308 107354
196 292 107582
316 312 107809
436 292 108036
412 192 108263
408 104 108415
484 64 108566
484 64 108718
272 100 109172
210 72 109286
165 122 109400
199 181 109513
265 166 109627
128 228 109854
128 228 109968
128 228 110082
144 300 110422
144 300 110536
236 324 110840
248 319 110915
260 313 110991
380 312 111218
268 312 111445
388 312 111672
92 244 112127
212 244 112354
100 244 112582
476 152 113036
356 152 113263
468 152 113491
48 76 113945
168 76 114172
56 76 114400
176 324 114627
32 248 115082
392 220 115536
312 260 115688
360 336 115839
440 296 115991
448 92 116445
440 70 116900
384 36 117013
384 36 117241
332 76 117354
252 56 117582
168 72 117809
88 52 118036
28 52 118263
20 180 118718
20 180 118945
20 180 119172
212 164 119627
476 300 120082
284 316 120536
76 116 120991
120 236 121445
60 272 121786
120 236 121900
304 236 122354
340 332 122809
464 256 123036
444 112 123263
316 44 123491
260 272 123718
264 284 124059
268 296 124400
60 296 124627
282 296 124854
47 296 125082
176 368 125309
144 312 125422
184 260 125536
136 84 125991
210 37 126445
376 228 127354
232 312 127809
262 253 128377
412 168 128604
376 228 128718
262 253 128945
76 208 129627
152 48 130082
84 196 130536
160 36 130991
332 76 132809
72 64 133263
32 272 133718
176 308 134059
324 340 134400
464 320 134627
476 152 135082
416 36 135422
352 60 135536
208 96 135877
60 128 136218
72 312 136445
204 348 137354
340 332 137582
340 332 137695
340 332 137809
440 240 138036
440 240 138150
440 240 138263
336 60 138491
372 116 138604
312 244 138832
276 188 138945
372 116 139172
276 188 139400
336 60 139627
312 244 139854
248 268 139968
224 332 140082
56 232 140422
128 52 140763
252 28 140991
156 192 141445
388 324 141900
312 176 142127
312 176 142241
408 36 142468
440 96 142582
376 124 142695
344 64 142809
216 84 143036
84 72 143263
84 72 143491
336 288 144172
364 260 144627
236 248 145082
92 176 145536
266 38 145877
412 204 146218
256 320 146445
192 312 146559
128 324 146672
64 316 146786
256 320 147013
320 312 147127
384 324 147241
448 320 147354
464 212 147581
368 192 148036
264 212 148491
168 192 148945
72 88 149400
168 108 149854
272 88 150309
368 108 150763
456 148 151218
464 152 151331
472 156 151445
383 236 151672
379 228 151786
376 220 151900
288 148 152127
285 156 152240
281 164 152354
160 112 152582
168 108 152696
176 104 152809
56 236 153036
48 232 153150
40 228 153263
129 148 153491
133 156 153605
136 164 153718
224 236 153945
227 228 154058
231 220 154172
352 272 154400
344 276 154513
336 280 154627
270 253 154854
226 197 155081
216 129 155309
241 64 155536
296 20 155763
365 9 155991
431 36 156218
496 112 156445
456 216 156672
412 104 156900
372 248 157127
324 96 157354
288 268 157581
200 176 157809
148 200 158263
216 280 158491
220 292 158566
224 304 158642
228 316 158718
328 360 158945
340 362 159020
352 364 159096
365 366 159172
456 308 159400
464 296 159475
472 284 159551
480 272 159627
472 260 159702
464 248 159778
456 236 159854
448 224 159930
440 212 160005
432 200 160081
452 152 160536
396 108 160650
396 108 160877
328 120 160991
284 64 161104
217 77 161218
190 138 161331
239 185 161445
208 247 161559
142 259 161672
100 206 161786
100 206 161900
88 84 162127
88 84 162241
268 136 162809
444 188 163036
444 188 163150
156 340 163718
96 308 163831
96 124 164286
104 140 164400
252 288 164854
260 308 164968
296 168 165195
312 180 165309
412 276 165536
404 148 165877
440 92 165991
440 92 166218
412 276 166672
352 248 166786
296 284 166900
200 288 167203
192 280 167278
184 272 167354
336 44 168036
156 324 168718
288 320 169172
400 276 169400
456 240 169513
396 208 169627
288 160 169854
227 129 169968
284 93 170081
396 208 170309
380 200 170422
280 228 170763
56 244 171218
64 260 171331
156 324 171559
164 340 171672
216 252 171900
160 156 172241
184 44 172581
292 104 172809
312 208 173150
332 224 173263
348 152 173604
368 168 173718
336 316 174059
206 315 174627
168 244 175081
128 172 175536
88 100 175991
448 176 176445
288 56 176672
288 56 176786
288 56 176900
308 180 177354
64 104 177809
268 76 178263
192 304 178945
128 216 179172
228 176 179513
332 196 179854
392 300 180081
484 224 180309
428 120 180536
332 196 180763
388 318 180991
499 226 181218
431 101 181445
316 193 181672
288 200 181748
272 224 181824
276 252 181900
172 188 182581
60 128 182922
172 188 183491
180 312 183718
324 336 184059
464 288 184400
332 256 184627
188 280 184968
48 232 185309
184 204 185536
328 228 185877
468 180 186218
468 180 186331
468 180 186445
400 96 186786
400 38 187127
468 180 187354
400 244 187695
248 256 188036
248 256 188150
248 256 188263
160 160 188604
20 192 188945
20 192 189059
20 192 189172
24 228 189286
48 256 189400
80 272 189513
116 272 189627
148 256 189741
184 248 189854
216 260 189968
228 292 190081
396 288 190309
280 188 190536
152 24 190763
96 184 190991
228 292 191218
176 236 191445
232 176 191672
104 72 192354
100 236 192809
92 248 193036
284 216 193263
292 228 193491
22 178 193718
24 164 193945
364 130 194172
356 120 194400
252 344 194627
216 276 194854
284 240 195081
352 280 195309
436 134 195991
216 184 196445
208 172 196672
400 204 196900
408 192 197127
138 242 197354
140 256 197582
480 290 197809
472 300 198036
208 312 198263
293 285 198491
383 296 198718
463 338 198945
320 180 199400
256 160 199627
188 168 199854
128 200 200081
280 152 200536
44 324 200991
380 284 201445
224 360 201900
224 360 202809
68 241 203036
182 85 203263
333 213 203491
376 272 205536
316 312 206218
96 212 206900
164 120 207127
256 192 207354
188 284 207581
96 212 207809
164 120 208036
256 192 208263
379 301 208491
487 171 208718
364 61 208945
136 112 209172
196 72 209854
416 172 210536
348 264 210764
256 192 210991
324 100 211218
416 172 211445
348 264 211672
256 192 211900
133 83 212127
25 213 212354
148 323 212581
412 192 212809
307 339 213263
287 257 213945
412 192 214172
168 72 214627
60 88 214854
212 156 215081
356 164 215309
176 240 215536
20 224 215763
216 320 215991
412 352 216218
468 168 216445
240 172 217354
144 188 217695
240 296 218263
426 331 218718
426 331 218831
312 96 219172
396 76 219627
368 152 220081
333 272 220536
88 332 220991
80 196 221331
144 220 221445
296 212 221786
356 244 221900
244 160 222809
340 196 223718
228 280 224627
328 224 225536
420 160 225763
420 160 225877
420 160 226218
448 60 226445
328 224 226672
368 364 226900
216 204 227127
144 44 227354
81 103 227695
108 328 228263
348 292 228491
116 316 228718
340 308 228945
124 304 229172
187 245 229513
200 20 230081
440 56 230309
208 32 230536
432 40 230763
344 292 231445
125 218 231900
298 65 232354
256 192 232809
256 48 234627
352 76 234968
360 88 235081
463 95 235422
476 88 235536
424 188 235877
396 204 235991
396 312 236331
420 332 236445
292 332 236786
252 356 236900
152 340 237241
140 348 237354
76 280 237581
80 252 237695
84 224 237809
161 93 238036
174 130 238150
188 168 238263
216 284 238491
275 275 238604
334 266 238718
440 288 238945
449 216 239059
460 144 239172
256 188 239400
256 188 239513
256 188 239627
52 240 239854
63 168 239968
72 96 240081
178 118 240309
237 109 240422
296 100 240536
324 216 240763
338 254 240877
351 291 240991
428 160 241218
432 132 241331
436 104 241445
372 36 241672
360 44 241786
348 52 241900
320 112 242127
264 296 242354
236 236 242581
180 80 242809
152 140 243036
96 324 243263
68 264 243491
16 100 243718
76 148 243945
172 112 244172
180 216 244400
300 168 244627
352 52 244854
420 168 245081
364 288 245309
304 324 245536
296 316 245612
288 312 245688
276 312 245763
264 316 245839
252 324 245915
240 332 245991
224 336 246066
208 336 246142
192 332 246218
180 324 246294
176 312 246369
180 296 246445
196 288 246521
216 292 246597
224 308 246672
220 336 246748
204 352 246824
180 364 246900
152 360 246975
128 344 247051
120 316 247127
124 288 247203
140 264 247278
164 248 247354
172 208 247809
345 213 248415
345 213 248566
345 213 248718
345 213 248869
345 213 249021
345 213 249172
132 92 263718
132 92 264172
256 120 265081
380 92 265991
380 92 266900
416 148 267354
416 212 267809
256 264 268718
96 212 269627
96 212 270536
48 156 270991
80 88 271445
196 76 271900
196 76 272013
268 68 272354
340 80 272695
368 76 272809
456 112 273036
408 192 273263
408 192 273377
336 200 273718
264 188 274059
236 192 274172
172 260 274400
88 232 274627
252 288 275536
172 260 276445
104 248 276672
36 236 276900
152 200 277127
220 188 277354
288 176 277581
356 164 277809
408 244 278263
272 212 281218
232 204 281445
192 212 281672
156 232 281900
44 104 284854
80 112 285081
116 104 285309
148 84 285536
328 232 288491
336 204 288718
328 176 288945
316 152 289172
196 256 291218
164 184 291445
196 256 291672
149 319 291900
196 256 292127
274 264 292354
196 255 292581
196 255 292695
196 256 292809
234 347 293036
267 244 293263
305 335 293491
338 233 293718
376 324 293945
409 222 294172
444 316 294400
500 132 294627
433 159 294854
383 111 295081
314 161 295309
269 90 295536
198 164 295763
154 70 295991
81 166 296218
116 328 296445
224 300 296672
328 316 296900
436 288 297127
384 236 297354
276 208 297581
172 224 297809
64 196 298036
76 104 298263
156 96 298491
236 88 298718
316 80 298945
200 152 299172
280 160 299400
360 168 299627
440 176 299854
436 296 300081
416 304 300195
396 312 300309
376 320 300422
352 312 300536
332 320 300650
312 328 300763
292 336 300877
268 328 300991
248 336 301104
228 344 301218
208 352 301331
188 360 301445
108 308 301900
116 288 302013
124 268 302127
132 248 302241
124 224 302354
132 204 302468
140 184 302581
148 164 302695
140 140 302809
148 120 302922
156 100 303036
164 80 303150
172 60 303263
268 13 303718
340 12 303831
361 80 303945
302 124 304059
244 81 304172
160 140 304627
51 150 304740
32 255 304854
128 311 304968
208 236 305081
296 316 305536
388 88 307354
124 76 307809
124 80 308263
124 84 308718
80 316 309172
208 296 309513
336 320 309854
380 328 309968
424 324 310081
476 240 310309
476 240 310422
496 100 310763
496 100 310877
496 100 310991
392 40 311218
340 108 311445
340 108 311559
184 136 311900
40 208 312127
92 280 312354
92 280 312468
248 308 312809
328 296 313036
408 284 313263
488 272 313491
416 92 313945
336 104 314172
256 116 314400
204 180 314627
53 148 314968
21 299 315309
172 330 315650
112 239 315991
112 239 316218
204 252 316445
300 284 316672
296 276 316786
292 268 316900
384 228 317127
380 236 317241
376 244 317354
456 284 317581
456 284 317695
364 96 318263
264 108 318604
84 132 318831
96 144 318945
272 200 319400
272 212 319513
216 288 319741
216 300 319854
328 340 320081
428 328 320422
436 316 320536
456 204 320763
464 216 320877
472 228 320991
368 240 321331
144 304 321900
48 206 322354
111 85 322809
246 108 323263
266 243 323718
152 196 323945
152 196 324059
266 243 324627
380 290 324854
380 290 324968
266 243 325536
180 208 325763
172 196 325877
164 184 325991
64 172 326331
56 160 326445
156 148 326786
256 160 327127
460 168 327354
360 180 327695
352 192 327809
160 192 328263
352 192 328718
448 200 329021
448 200 329097
448 200 329172
416 350 329513
265 319 329854
297 168 330195
356 259 330536
356 259 330763
64 200 330991
144 300 331331
104 248 331672
207 79 331900
328 124 332241
266 100 332581
448 200 332809
368 300 333150
412 252 333491
412 252 333604
412 252 333718
256 232 333945
256 232 334059
104 216 334286
104 216 334400
176 296 334627
256 232 334854
260 224 334968
208 136 335195
212 128 335309
216 120 335422
220 112 335536
56 156 335763
52 164 335877
68 260 336104
64 268 336218
60 276 336331
56 284 336445
76 276 336559
96 272 336672
116 272 336786
136 276 336900
156 280 337013
180 280 337127
220 268 337354
356 280 337581
384 208 337809
460 124 338036
380 8 338263
52 60 338491
128 32 338718
52 60 338945
254 180 339627
254 302 339854
137 339 340081
65 240 340309
137 141 340536
257 180 340763
256 302 340991
373 339 341218
445 240 341445
373 141 341672
373 141 341786
373 141 341900
404 20 342354
416 84 342581
224 168 343263
284 236 343491
312 324 343718
424 312 343945
216 272 344172
83 257 344400
280 192 344627
439 174 344854
248 96 345081
62 75 345309
62 75 345422
62 75 345536
50 162 346218
124 284 346445
135 196 347127
220 128 347354
266 31 347581
362 77 347809
315 174 348036
267 337 348263
423 373 348491
457 220 348718
301 186 348945
88 216 349172
264 168 350081
340 248 350536
318 316 352809
380 129 353263
193 67 353718
131 254 354172
256 192 354627
318 316 354854
256 192 355081
380 129 355309
256 192 355536
193 67 355763
256 192 355991
131 254 356218
131 254 356331
131 254 356445
256 192 356900
381 130 357127
381 130 357241
381 130 357354
131 254 357809
176 40 358263
180 44 358491
312 20 358718
316 16 358945
256 164 359172
262 167 359400
420 180 359627
416 184 359854
373 298 360081
284 316 360309
373 298 360536
135 275 360991
224 286 361218
135 275 361445
468 192 361900
379 210 362127
468 192 362354
52 180 362809
141 191 363036
52 180 363263
176 120 363718
284 88 363945
272 44 364172
304 152 364400
272 208 364627
380 176 364854
368 132 365081
400 240 365309
352 312 365536
153 320 365991
153 320 366104
219 134 366331
219 134 366445
293 250 366672
260 192 366900
468 32 367354
380 128 367582
492 192 367809
380 128 368036
380 128 368150
336 180 368263
420 268 368718
168 340 369172
92 216 369513
40 176 369627
128 64 369968
288 48 370309
288 48 370536
344 152 370991
380 264 371218
416 376 371445
452 272 371672
452 272 371786
452 272 371900
316 336 372203
232 280 372354
16 308 372809
64 212 373036
24 112 373263
144 84 373491
188 36 373604
208 100 373718
288 220 374059
288 220 374172
256 308 374475
244 312 374551
232 316 374627
336 348 374854
484 216 375309
484 216 375422
484 216 375536
376 153 375688
377 276 375839
412 215 375991
184 296 376445
56 328 376672
56 328 376786
56 328 376900
80 216 377127
76 204 377203
72 192 377278
68 180 377355
172 112 377582
172 112 377695
244 84 378491
368 64 378718
476 140 378945
396 220 379172
348 148 379323
368 64 379475
368 64 379627
304 296 380082
8 232 380536
160 280 380991
160 260 381218
160 240 381445
160 220 381672
80 64 381900
264 136 382354
336 12 382695
336 12 382809
368 112 382960
264 136 383112
264 136 383263
276 352 383718
424 332 384059
424 332 384172
396 220 384513
396 220 384627
428 128 384854
364 36 385082
208 88 385536
108 128 385763
40 48 385991
84 224 386218
84 224 386332
84 224 386445
20 316 386900
280 328 387354
328 296 387582
336 240 387809
456 196 388036
456 196 388149
456 196 388263
408 72 388491
408 72 388604
280 196 389021
272 188 389097
264 180 389172
144 179 389399
256 179 389626
136 179 389853
328 236 390308
448 236 390535
336 236 390763
168 288 391217
48 288 391444
160 288 391672
388 336 392126
508 336 392353
396 336 392581
120 232 392809
16 328 393263
348 344 393718
384 256 393869
412 160 394021
412 160 394172
312 168 394627
310 301 395082
310 321 395195
